best_params:
  max_depth: 4
  learning_rate: 0.20442839712641273
  n_estimators: 58
  min_child_weight: 1
  gamma: 0.008392185017777498
  subsample: 0.9263032043757289
  colsample_bytree: 0.7063085618988908
  lambda: 0.00022144690074924335
  alpha: 0.2952576155547412
len_train_data: 20006
len_test_data: 4287
